*---------------------------------------------------
* Station: default_site
* Year: 2011
* Origin: ERA5-Reanalysis
* Columns & units
* ===================
* 1. station number
* 2. year
* 3. Day of Year
* 4. Irradiance   (kJ路m-2路d-1)
* 5. Daily minimum temperature (degC)
* 6. Daily maximum temperature (degC)
* 7. Vapour pressure (kPa)
* 8. Mean wind speed (m路s-1)
* 9. Precipitation (mm路d-1)
** WCCDESCRIPTION=default_site
** WCCFORMAT=2
** WCCYEARNR=2011
*------------------------------------------------------------*
-0.84  9.00  128.00 -0.18  -0.55
1	2011	1	19837.0	 20.0	 34.0	2.000	 1.0	 0.0
1	2011	2	20472.0	 21.0	 34.0	2.000	 1.0	 0.0
1	2011	3	21909.0	 21.0	 35.0	1.000	 2.0	 0.0
1	2011	4	22100.0	 18.0	 34.0	1.000	 2.0	 0.0
1	2011	5	22001.0	 18.0	 34.0	1.000	 1.0	 0.0
1	2011	6	21748.0	 19.0	 35.0	1.000	 1.0	 0.0
1	2011	7	21255.0	 20.0	 35.0	1.000	 1.0	 0.0
1	2011	8	21609.0	 19.0	 35.0	1.000	 1.0	 0.0
1	2011	9	21874.0	 19.0	 36.0	1.000	 1.0	 0.0
1	2011	10	21830.0	 19.0	 35.0	1.000	 1.0	 0.0
1	2011	11	20970.0	 23.0	 35.0	2.000	 1.0	 0.0
1	2011	12	22328.0	 20.0	 36.0	1.000	 2.0	 0.0
1	2011	13	22436.0	 19.0	 36.0	1.000	 0.0	 0.0
1	2011	14	21963.0	 20.0	 36.0	2.000	 1.0	 0.0
1	2011	15	21276.0	 22.0	 36.0	2.000	 0.0	 0.0
1	2011	16	21646.0	 22.0	 35.0	2.000	 1.0	 0.0
1	2011	17	22625.0	 19.0	 36.0	1.000	 2.0	 0.0
1	2011	18	22619.0	 19.0	 35.0	1.000	 2.0	 0.0
1	2011	19	22704.0	 20.0	 34.0	1.000	 3.0	 0.0
1	2011	20	22780.0	 20.0	 34.0	1.000	 3.0	 0.0
1	2011	21	22586.0	 20.0	 35.0	1.000	 2.0	 0.0
1	2011	22	22506.0	 21.0	 36.0	1.000	 2.0	 0.0
1	2011	23	22284.0	 21.0	 36.0	1.000	 1.0	 0.0
1	2011	24	21862.0	 21.0	 36.0	1.000	 1.0	 0.0
1	2011	25	21951.0	 21.0	 36.0	1.000	 1.0	 0.0
1	2011	26	21745.0	 24.0	 37.0	2.000	 1.0	 0.0
1	2011	27	21168.0	 25.0	 37.0	2.000	 1.0	 0.0
1	2011	28	20178.0	 26.0	 36.0	2.000	 1.0	 0.0
1	2011	29	22642.0	 24.0	 38.0	1.000	 1.0	 0.0
1	2011	30	23215.0	 22.0	 38.0	1.000	 3.0	 0.0
1	2011	31	23189.0	 22.0	 38.0	1.000	 3.0	 0.0
1	2011	32	23244.0	 21.0	 37.0	1.000	 2.0	 0.0
1	2011	33	23306.0	 21.0	 38.0	1.000	 2.0	 0.0
1	2011	34	22919.0	 21.0	 37.0	1.000	 1.0	 0.0
1	2011	35	22810.0	 21.0	 37.0	2.000	 1.0	 0.0
1	2011	36	22644.0	 22.0	 37.0	2.000	 1.0	 0.0
1	2011	37	23833.0	 23.0	 37.0	1.000	 3.0	 0.0
1	2011	38	24019.0	 23.0	 36.0	1.000	 3.0	 0.0
1	2011	39	24168.0	 22.0	 37.0	1.000	 2.0	 0.0
1	2011	40	23063.0	 21.0	 36.0	1.000	 0.0	 0.0
1	2011	41	21962.0	 24.0	 37.0	2.000	 0.0	 0.0
1	2011	42	20469.0	 26.0	 36.0	2.000	 2.0	 0.0
1	2011	43	19163.0	 26.0	 36.0	3.000	 2.0	 5.0
1	2011	44	17249.0	 24.0	 33.0	3.000	 1.0	 0.0
1	2011	45	21584.0	 26.0	 36.0	3.000	 1.0	 0.0
1	2011	46	18606.0	 26.0	 36.0	3.000	 2.0	 0.0
1	2011	47	20243.0	 27.0	 37.0	3.000	 2.0	 1.0
1	2011	48	21225.0	 27.0	 37.0	3.000	 2.0	 0.0
1	2011	49	21824.0	 27.0	 38.0	3.000	 2.0	 0.0
1	2011	50	21545.0	 28.0	 38.0	3.000	 2.0	 0.0
1	2011	51	22173.0	 28.0	 39.0	3.000	 2.0	 0.0
1	2011	52	22512.0	 29.0	 40.0	2.000	 2.0	 0.0
1	2011	53	22990.0	 28.0	 40.0	3.000	 3.0	 0.0
1	2011	54	21972.0	 27.0	 39.0	2.000	 2.0	 0.0
1	2011	55	23807.0	 28.0	 40.0	2.000	 2.0	 0.0
1	2011	56	23006.0	 28.0	 39.0	2.000	 2.0	 0.0
1	2011	57	21138.0	 28.0	 38.0	3.000	 3.0	 0.0
1	2011	58	22731.0	 28.0	 39.0	3.000	 2.0	 0.0
1	2011	59	23667.0	 28.0	 40.0	2.000	 2.0	 0.0
1	2011	60	21538.0	 27.0	 38.0	3.000	 3.0	 0.0
1	2011	61	21010.0	 28.0	 38.0	3.000	 2.0	 0.0
1	2011	62	22084.0	 28.0	 38.0	2.000	 2.0	 0.0
1	2011	63	23820.0	 28.0	 39.0	2.000	 2.0	 0.0
1	2011	64	23050.0	 28.0	 39.0	3.000	 2.0	 0.0
1	2011	65	22221.0	 28.0	 38.0	3.000	 3.0	 0.0
1	2011	66	21116.0	 28.0	 37.0	3.000	 3.0	 0.0
1	2011	67	23019.0	 29.0	 38.0	3.000	 3.0	 0.0
1	2011	68	19076.0	 28.0	 36.0	3.000	 3.0	 3.0
1	2011	69	22850.0	 26.0	 37.0	3.000	 2.0	 1.0
1	2011	70	20366.0	 25.0	 36.0	3.000	 2.0	10.0
1	2011	71	20683.0	 26.0	 36.0	3.000	 2.0	 1.0
1	2011	72	23201.0	 27.0	 38.0	3.000	 2.0	 0.0
1	2011	73	22307.0	 27.0	 37.0	3.000	 3.0	 4.0
1	2011	74	22555.0	 26.0	 37.0	3.000	 3.0	 1.0
1	2011	75	20174.0	 26.0	 36.0	3.000	 3.0	 0.0
1	2011	76	21149.0	 27.0	 36.0	3.000	 2.0	 1.0
1	2011	77	21040.0	 26.0	 38.0	2.000	 1.0	 0.0
1	2011	78	21371.0	 27.0	 37.0	3.000	 2.0	 1.0
1	2011	79	22489.0	 26.0	 38.0	2.000	 1.0	 0.0
1	2011	80	24986.0	 26.0	 38.0	2.000	 1.0	 0.0
1	2011	81	26127.0	 24.0	 39.0	2.000	 1.0	 0.0
1	2011	82	26789.0	 23.0	 39.0	1.000	 1.0	 0.0
1	2011	83	26773.0	 23.0	 39.0	1.000	 1.0	 0.0
1	2011	84	25793.0	 24.0	 38.0	2.000	 2.0	 0.0
1	2011	85	25918.0	 26.0	 39.0	2.000	 1.0	 0.0
1	2011	86	25442.0	 25.0	 39.0	2.000	 1.0	 0.0
1	2011	87	24446.0	 27.0	 39.0	2.000	 2.0	 0.0
1	2011	88	24966.0	 27.0	 39.0	2.000	 2.0	 0.0
1	2011	89	24888.0	 27.0	 39.0	2.000	 2.0	 0.0
1	2011	90	24169.0	 27.0	 39.0	2.000	 2.0	 0.0
1	2011	91	25108.0	 28.0	 40.0	2.000	 2.0	 0.0
1	2011	92	25275.0	 28.0	 40.0	3.000	 2.0	 0.0
1	2011	93	24260.0	 28.0	 39.0	3.000	 3.0	 0.0
1	2011	94	23711.0	 28.0	 39.0	3.000	 3.0	 0.0
1	2011	95	23114.0	 29.0	 37.0	3.000	 2.0	 1.0
1	2011	96	12580.0	 27.0	 34.0	3.000	 2.0	 0.0
1	2011	97	22790.0	 27.0	 38.0	3.000	 2.0	 0.0
1	2011	98	25547.0	 28.0	 40.0	3.000	 3.0	 0.0
1	2011	99	22623.0	 28.0	 38.0	3.000	 3.0	 0.0
1	2011	100	23335.0	 27.0	 37.0	3.000	 3.0	 0.0
1	2011	101	25285.0	 27.0	 39.0	3.000	 3.0	 0.0
1	2011	102	24798.0	 29.0	 39.0	3.000	 3.0	 0.0
1	2011	103	24436.0	 28.0	 38.0	3.000	 3.0	 0.0
1	2011	104	19460.0	 27.0	 37.0	3.000	 2.0	 1.0
1	2011	105	19733.0	 28.0	 37.0	3.000	 3.0	 3.0
1	2011	106	21015.0	 26.0	 37.0	3.000	 3.0	 0.0
1	2011	107	23118.0	 27.0	 37.0	3.000	 2.0	 0.0
1	2011	108	25652.0	 28.0	 39.0	3.000	 2.0	 0.0
1	2011	109	25246.0	 29.0	 39.0	3.000	 3.0	 2.0
1	2011	110	17932.0	 27.0	 37.0	3.000	 3.0	 0.0
1	2011	111	24712.0	 27.0	 39.0	3.000	 3.0	 0.0
1	2011	112	22104.0	 27.0	 37.0	3.000	 4.0	 1.0
1	2011	113	14774.0	 25.0	 35.0	3.000	 2.0	 0.0
1	2011	114	21595.0	 27.0	 36.0	3.000	 2.0	 1.0
1	2011	115	16999.0	 26.0	 35.0	3.000	 2.0	 0.0
1	2011	116	23498.0	 27.0	 38.0	3.000	 2.0	 3.0
1	2011	117	15682.0	 25.0	 33.0	3.000	 0.0	 8.0
1	2011	118	17816.0	 25.0	 33.0	3.000	 2.0	 9.0
1	2011	119	23196.0	 26.0	 36.0	3.000	 2.0	 1.0
1	2011	120	23877.0	 26.0	 36.0	3.000	 3.0	 0.0
1	2011	121	23035.0	 26.0	 36.0	3.000	 2.0	 1.0
1	2011	122	17835.0	 26.0	 34.0	3.000	 2.0	 9.0
1	2011	123	21792.0	 25.0	 36.0	3.000	 2.0	 2.0
1	2011	124	16347.0	 26.0	 35.0	3.000	 1.0	 1.0
1	2011	125	21372.0	 26.0	 35.0	3.000	 3.0	 4.0
1	2011	126	21786.0	 26.0	 34.0	3.000	 2.0	 0.0
1	2011	127	21651.0	 27.0	 35.0	3.000	 2.0	 3.0
1	2011	128	22928.0	 26.0	 35.0	3.000	 1.0	 9.0
1	2011	129	22437.0	 25.0	 35.0	3.000	 2.0	 0.0
1	2011	130	24445.0	 26.0	 36.0	3.000	 3.0	 0.0
1	2011	131	20753.0	 27.0	 35.0	3.000	 2.0	 0.0
1	2011	132	22149.0	 27.0	 37.0	3.000	 2.0	 1.0
1	2011	133	19608.0	 27.0	 35.0	3.000	 3.0	 1.0
1	2011	134	19374.0	 26.0	 36.0	3.000	 3.0	 0.0
1	2011	135	22116.0	 27.0	 36.0	3.000	 2.0	 0.0
1	2011	136	23054.0	 26.0	 36.0	3.000	 3.0	 0.0
1	2011	137	23275.0	 27.0	 36.0	3.000	 3.0	 0.0
1	2011	138	17145.0	 27.0	 35.0	3.000	 3.0	 0.0
1	2011	139	20029.0	 27.0	 36.0	3.000	 3.0	 1.0
1	2011	140	20458.0	 25.0	 35.0	3.000	 2.0	11.0
1	2011	141	16524.0	 25.0	 32.0	3.000	 1.0	 8.0
1	2011	142	22109.0	 25.0	 33.0	3.000	 2.0	 0.0
1	2011	143	23048.0	 26.0	 35.0	3.000	 2.0	 0.0
1	2011	144	15328.0	 26.0	 33.0	3.000	 2.0	 0.0
1	2011	145	21183.0	 27.0	 35.0	3.000	 2.0	 0.0
1	2011	146	19127.0	 26.0	 35.0	3.000	 3.0	 3.0
1	2011	147	17235.0	 26.0	 34.0	3.000	 3.0	 0.0
1	2011	148	20515.0	 26.0	 35.0	3.000	 3.0	 0.0
1	2011	149	22475.0	 26.0	 36.0	3.000	 2.0	 5.0
1	2011	150	19321.0	 26.0	 35.0	3.000	 2.0	 3.0
1	2011	151	21950.0	 25.0	 36.0	3.000	 3.0	 1.0
1	2011	152	21052.0	 25.0	 35.0	3.000	 2.0	 0.0
1	2011	153	16862.0	 25.0	 33.0	3.000	 2.0	10.0
1	2011	154	19829.0	 24.0	 32.0	3.000	 2.0	 1.0
1	2011	155	3200.0	 24.0	 27.0	3.000	 2.0	90.0
1	2011	156	15105.0	 24.0	 30.0	3.000	 2.0	 1.0
1	2011	157	19646.0	 24.0	 32.0	3.000	 1.0	 0.0
1	2011	158	17671.0	 25.0	 31.0	3.000	 3.0	 1.0
1	2011	159	18622.0	 24.0	 31.0	3.000	 3.0	 1.0
1	2011	160	16557.0	 24.0	 31.0	3.000	 3.0	 4.0
1	2011	161	14390.0	 24.0	 30.0	3.000	 1.0	 5.0
1	2011	162	19171.0	 23.0	 31.0	3.000	 0.0	 2.0
1	2011	163	18852.0	 25.0	 31.0	3.000	 2.0	 1.0
1	2011	164	12785.0	 23.0	 30.0	3.000	 2.0	 2.0
1	2011	165	14642.0	 24.0	 31.0	3.000	 3.0	 0.0
1	2011	166	18118.0	 24.0	 31.0	3.000	 2.0	 4.0
1	2011	167	19465.0	 24.0	 31.0	3.000	 2.0	 1.0
1	2011	168	15177.0	 24.0	 31.0	3.000	 2.0	 0.0
1	2011	169	23167.0	 24.0	 33.0	3.000	 2.0	 0.0
1	2011	170	22851.0	 25.0	 33.0	3.000	 2.0	 0.0
1	2011	171	20348.0	 25.0	 33.0	3.000	 2.0	 2.0
1	2011	172	17694.0	 25.0	 31.0	3.000	 2.0	 2.0
1	2011	173	19627.0	 25.0	 32.0	3.000	 1.0	 1.0
1	2011	174	20016.0	 25.0	 33.0	3.000	 1.0	19.0
1	2011	175	13919.0	 25.0	 30.0	3.000	 3.0	 8.0
1	2011	176	16694.0	 24.0	 30.0	3.000	 3.0	 1.0
1	2011	177	11029.0	 24.0	 27.0	3.000	 2.0	 2.0
1	2011	178	13338.0	 23.0	 29.0	3.000	 2.0	 6.0
1	2011	179	21508.0	 23.0	 31.0	3.000	 1.0	 1.0
1	2011	180	18056.0	 24.0	 32.0	3.000	 2.0	 0.0
1	2011	181	18302.0	 25.0	 32.0	3.000	 2.0	 0.0
1	2011	182	19294.0	 24.0	 32.0	3.000	 2.0	 3.0
1	2011	183	22126.0	 23.0	 30.0	3.000	 2.0	 1.0
1	2011	184	21120.0	 24.0	 31.0	3.000	 2.0	 1.0
1	2011	185	21596.0	 24.0	 32.0	3.000	 2.0	 0.0
1	2011	186	17817.0	 25.0	 32.0	3.000	 2.0	 1.0
1	2011	187	17114.0	 24.0	 31.0	3.000	 3.0	 1.0
1	2011	188	16264.0	 24.0	 31.0	3.000	 3.0	 1.0
1	2011	189	18699.0	 24.0	 31.0	3.000	 2.0	 1.0
1	2011	190	21329.0	 24.0	 32.0	3.000	 2.0	 3.0
1	2011	191	18997.0	 23.0	 30.0	3.000	 3.0	 8.0
1	2011	192	6632.0	 23.0	 26.0	3.000	 2.0	11.0
1	2011	193	15344.0	 23.0	 30.0	3.000	 2.0	 1.0
1	2011	194	18745.0	 23.0	 31.0	3.000	 1.0	 3.0
1	2011	195	18662.0	 23.0	 31.0	3.000	 2.0	 6.0
1	2011	196	12629.0	 24.0	 30.0	3.000	 3.0	 4.0
1	2011	197	13869.0	 23.0	 30.0	3.000	 3.0	15.0
1	2011	198	15318.0	 22.0	 28.0	3.000	 3.0	 8.0
1	2011	199	18825.0	 23.0	 30.0	3.000	 2.0	 2.0
1	2011	200	20387.0	 23.0	 30.0	3.000	 2.0	 2.0
1	2011	201	18299.0	 24.0	 30.0	3.000	 4.0	 1.0
1	2011	202	14225.0	 23.0	 29.0	3.000	 3.0	 0.0
1	2011	203	20699.0	 22.0	 31.0	3.000	 2.0	 0.0
1	2011	204	9603.0	 22.0	 26.0	3.000	 3.0	16.0
1	2011	205	11783.0	 23.0	 26.0	3.000	 2.0	 2.0
1	2011	206	20071.0	 22.0	 30.0	3.000	 2.0	 0.0
1	2011	207	21771.0	 23.0	 31.0	3.000	 2.0	 0.0
1	2011	208	14314.0	 24.0	 29.0	3.000	 3.0	 1.0
1	2011	209	16320.0	 23.0	 30.0	3.000	 2.0	 3.0
1	2011	210	19358.0	 23.0	 30.0	3.000	 2.0	 1.0
1	2011	211	14145.0	 23.0	 29.0	3.000	 2.0	 2.0
1	2011	212	10609.0	 24.0	 27.0	3.000	 2.0	 1.0
1	2011	213	19924.0	 24.0	 30.0	3.000	 2.0	 1.0
1	2011	214	16293.0	 24.0	 30.0	3.000	 1.0	 1.0
1	2011	215	14452.0	 24.0	 30.0	3.000	 3.0	 2.0
1	2011	216	12951.0	 24.0	 29.0	3.000	 3.0	 1.0
1	2011	217	14272.0	 24.0	 31.0	3.000	 2.0	 0.0
1	2011	218	20355.0	 24.0	 32.0	3.000	 2.0	 2.0
1	2011	219	19323.0	 24.0	 33.0	3.000	 2.0	 2.0
1	2011	220	9806.0	 24.0	 28.0	3.000	 2.0	 8.0
1	2011	221	8978.0	 23.0	 29.0	3.000	 2.0	 0.0
1	2011	222	20586.0	 24.0	 32.0	3.000	 2.0	 2.0
1	2011	223	8916.0	 23.0	 28.0	3.000	 3.0	11.0
1	2011	224	12152.0	 23.0	 29.0	3.000	 3.0	22.0
1	2011	225	17892.0	 23.0	 29.0	3.000	 3.0	 4.0
1	2011	226	5732.0	 23.0	 26.0	3.000	 2.0	29.0
1	2011	227	19629.0	 23.0	 30.0	3.000	 1.0	 2.0
1	2011	228	21072.0	 23.0	 31.0	3.000	 1.0	11.0
1	2011	229	14923.0	 23.0	 29.0	3.000	 2.0	 3.0
1	2011	230	11560.0	 23.0	 28.0	3.000	 2.0	12.0
1	2011	231	19753.0	 23.0	 30.0	3.000	 1.0	 1.0
1	2011	232	16205.0	 24.0	 29.0	3.000	 1.0	 9.0
1	2011	233	13103.0	 23.0	 29.0	3.000	 1.0	 1.0
1	2011	234	17654.0	 23.0	 30.0	3.000	 3.0	 2.0
1	2011	235	13304.0	 24.0	 29.0	3.000	 2.0	 3.0
1	2011	236	16027.0	 24.0	 29.0	3.000	 2.0	 4.0
1	2011	237	15566.0	 23.0	 30.0	3.000	 1.0	 0.0
1	2011	238	17220.0	 23.0	 30.0	3.000	 2.0	 2.0
1	2011	239	20612.0	 23.0	 31.0	3.000	 2.0	 3.0
1	2011	240	16964.0	 23.0	 30.0	3.000	 2.0	 7.0
1	2011	241	19490.0	 23.0	 30.0	3.000	 2.0	 2.0
1	2011	242	17633.0	 24.0	 30.0	3.000	 2.0	 1.0
1	2011	243	13774.0	 23.0	 29.0	3.000	 2.0	 4.0
1	2011	244	14577.0	 23.0	 29.0	3.000	 3.0	 5.0
1	2011	245	16061.0	 23.0	 29.0	3.000	 1.0	 6.0
1	2011	246	12827.0	 23.0	 29.0	3.000	 1.0	18.0
1	2011	247	10357.0	 23.0	 28.0	3.000	 2.0	 3.0
1	2011	248	16289.0	 23.0	 29.0	3.000	 2.0	 2.0
1	2011	249	5644.0	 23.0	 26.0	3.000	 2.0	23.0
1	2011	250	19251.0	 23.0	 30.0	3.000	 2.0	 1.0
1	2011	251	8040.0	 23.0	 26.0	3.000	 1.0	23.0
1	2011	252	10505.0	 23.0	 28.0	3.000	 2.0	10.0
1	2011	253	16693.0	 23.0	 29.0	3.000	 2.0	 4.0
1	2011	254	16732.0	 22.0	 30.0	3.000	 1.0	 9.0
1	2011	255	15966.0	 23.0	 29.0	3.000	 1.0	10.0
1	2011	256	16792.0	 23.0	 29.0	3.000	 1.0	 8.0
1	2011	257	12901.0	 23.0	 29.0	3.000	 1.0	 4.0
1	2011	258	15533.0	 23.0	 29.0	3.000	 2.0	 2.0
1	2011	259	20334.0	 23.0	 30.0	3.000	 2.0	 1.0
1	2011	260	13787.0	 23.0	 29.0	3.000	 1.0	 2.0
1	2011	261	9639.0	 23.0	 28.0	3.000	 2.0	14.0
1	2011	262	18650.0	 22.0	 29.0	3.000	 1.0	 7.0
1	2011	263	15773.0	 22.0	 29.0	3.000	 1.0	 6.0
1	2011	264	18846.0	 24.0	 30.0	3.000	 2.0	 3.0
1	2011	265	19273.0	 23.0	 30.0	3.000	 1.0	 6.0
1	2011	266	14256.0	 23.0	 29.0	3.000	 1.0	17.0
1	2011	267	11796.0	 22.0	 29.0	3.000	 2.0	 4.0
1	2011	268	10586.0	 23.0	 27.0	3.000	 1.0	 8.0
1	2011	269	20809.0	 22.0	 30.0	3.000	 2.0	 1.0
1	2011	270	20801.0	 23.0	 30.0	3.000	 1.0	 3.0
1	2011	271	12395.0	 23.0	 28.0	3.000	 1.0	11.0
1	2011	272	15822.0	 22.0	 30.0	3.000	 0.0	 0.0
1	2011	273	22239.0	 23.0	 31.0	3.000	 1.0	 7.0
1	2011	274	20607.0	 24.0	 31.0	3.000	 2.0	11.0
1	2011	275	17024.0	 23.0	 30.0	3.000	 1.0	 2.0
1	2011	276	19554.0	 24.0	 31.0	3.000	 1.0	 7.0
1	2011	277	15696.0	 23.0	 30.0	3.000	 2.0	11.0
1	2011	278	17402.0	 23.0	 29.0	3.000	 1.0	 2.0
1	2011	279	17282.0	 23.0	 30.0	3.000	 1.0	 3.0
1	2011	280	9544.0	 23.0	 28.0	3.000	 1.0	12.0
1	2011	281	18872.0	 23.0	 30.0	3.000	 1.0	 3.0
1	2011	282	20511.0	 23.0	 31.0	3.000	 1.0	 3.0
1	2011	283	21703.0	 24.0	 32.0	3.000	 1.0	 8.0
1	2011	284	16598.0	 23.0	 30.0	3.000	 2.0	 4.0
1	2011	285	19426.0	 23.0	 30.0	3.000	 1.0	 6.0
1	2011	286	13751.0	 23.0	 29.0	3.000	 1.0	 8.0
1	2011	287	19207.0	 24.0	 31.0	3.000	 1.0	 3.0
1	2011	288	20821.0	 24.0	 31.0	3.000	 1.0	 1.0
1	2011	289	22016.0	 24.0	 31.0	3.000	 1.0	 1.0
1	2011	290	20030.0	 24.0	 31.0	3.000	 1.0	 4.0
1	2011	291	17569.0	 24.0	 30.0	3.000	 2.0	 6.0
1	2011	292	17098.0	 24.0	 30.0	3.000	 1.0	 0.0
1	2011	293	12376.0	 23.0	 29.0	3.000	 1.0	 6.0
1	2011	294	20921.0	 23.0	 30.0	3.000	 1.0	 2.0
1	2011	295	19242.0	 24.0	 31.0	3.000	 1.0	 4.0
1	2011	296	21771.0	 23.0	 31.0	3.000	 2.0	 0.0
1	2011	297	19878.0	 23.0	 31.0	3.000	 1.0	10.0
1	2011	298	15665.0	 23.0	 29.0	3.000	 1.0	13.0
1	2011	299	17700.0	 22.0	 29.0	3.000	 1.0	 3.0
1	2011	300	19934.0	 23.0	 31.0	3.000	 1.0	 6.0
1	2011	301	15589.0	 23.0	 30.0	3.000	 1.0	 1.0
1	2011	302	20412.0	 23.0	 31.0	3.000	 1.0	 1.0
1	2011	303	20469.0	 24.0	 32.0	3.000	 1.0	11.0
1	2011	304	19573.0	 23.0	 31.0	3.000	 2.0	 1.0
1	2011	305	18759.0	 24.0	 31.0	3.000	 1.0	 1.0
1	2011	306	19285.0	 24.0	 31.0	3.000	 1.0	 0.0
1	2011	307	22431.0	 24.0	 33.0	3.000	 0.0	 0.0
1	2011	308	21341.0	 25.0	 32.0	3.000	 2.0	 0.0
1	2011	309	21193.0	 24.0	 32.0	3.000	 2.0	 0.0
1	2011	310	12299.0	 24.0	 30.0	3.000	 2.0	 0.0
1	2011	311	17939.0	 23.0	 32.0	3.000	 1.0	10.0
1	2011	312	15361.0	 23.0	 30.0	3.000	 1.0	 2.0
1	2011	313	20471.0	 23.0	 32.0	3.000	 0.0	 0.0
1	2011	314	21432.0	 24.0	 33.0	3.000	 2.0	 0.0
1	2011	315	21290.0	 24.0	 33.0	3.000	 1.0	 0.0
1	2011	316	22453.0	 23.0	 34.0	3.000	 1.0	 0.0
1	2011	317	19742.0	 24.0	 33.0	3.000	 2.0	 0.0
1	2011	318	20150.0	 24.0	 32.0	3.000	 2.0	 0.0
1	2011	319	21281.0	 24.0	 32.0	3.000	 2.0	 0.0
1	2011	320	21389.0	 24.0	 34.0	3.000	 1.0	 0.0
1	2011	321	20553.0	 23.0	 34.0	3.000	 1.0	 0.0
1	2011	322	21654.0	 24.0	 34.0	3.000	 2.0	 0.0
1	2011	323	21253.0	 24.0	 34.0	3.000	 2.0	 0.0
1	2011	324	21041.0	 24.0	 34.0	3.000	 1.0	 0.0
1	2011	325	21051.0	 25.0	 34.0	3.000	 2.0	 0.0
1	2011	326	20163.0	 25.0	 34.0	3.000	 2.0	 0.0
1	2011	327	20470.0	 24.0	 34.0	2.000	 1.0	 0.0
1	2011	328	21355.0	 23.0	 34.0	2.000	 1.0	 0.0
1	2011	329	21858.0	 23.0	 35.0	2.000	 0.0	 0.0
1	2011	330	21659.0	 22.0	 35.0	2.000	 1.0	 0.0
1	2011	331	20735.0	 23.0	 35.0	2.000	 1.0	 0.0
1	2011	332	20314.0	 24.0	 34.0	3.000	 2.0	 0.0
1	2011	333	19151.0	 24.0	 35.0	2.000	 1.0	 0.0
1	2011	334	21113.0	 24.0	 35.0	2.000	 1.0	 0.0
1	2011	335	21324.0	 24.0	 35.0	2.000	 1.0	 0.0
1	2011	336	21492.0	 23.0	 35.0	2.000	 0.0	 0.0
1	2011	337	19603.0	 24.0	 35.0	2.000	 1.0	 0.0
1	2011	338	20490.0	 24.0	 35.0	2.000	 0.0	 0.0
1	2011	339	20680.0	 23.0	 35.0	2.000	 0.0	 0.0
1	2011	340	18219.0	 21.0	 34.0	2.000	 0.0	 0.0
1	2011	341	20351.0	 22.0	 35.0	2.000	 1.0	 0.0
1	2011	342	20270.0	 21.0	 34.0	2.000	 1.0	 0.0
1	2011	343	21298.0	 20.0	 34.0	2.000	 2.0	 0.0
1	2011	344	21983.0	 20.0	 34.0	1.000	 3.0	 0.0
1	2011	345	21861.0	 19.0	 33.0	1.000	 3.0	 0.0
1	2011	346	22161.0	 18.0	 33.0	1.000	 2.0	 0.0
1	2011	347	21517.0	 18.0	 34.0	1.000	 1.0	 0.0
1	2011	348	19692.0	 23.0	 34.0	2.000	 0.0	 0.0
1	2011	349	20743.0	 23.0	 36.0	1.000	 2.0	 0.0
1	2011	350	21281.0	 20.0	 35.0	1.000	 2.0	 0.0
1	2011	351	20845.0	 22.0	 37.0	1.000	 2.0	 0.0
1	2011	352	20741.0	 21.0	 36.0	2.000	 1.0	 0.0
1	2011	353	19146.0	 24.0	 35.0	3.000	 1.0	 0.0
1	2011	354	20701.0	 22.0	 36.0	2.000	 1.0	 0.0
1	2011	355	21431.0	 22.0	 35.0	1.000	 2.0	 0.0
1	2011	356	21423.0	 19.0	 34.0	1.000	 1.0	 0.0
1	2011	357	18225.0	 21.0	 34.0	2.000	 0.0	 0.0
1	2011	358	19812.0	 21.0	 34.0	2.000	 0.0	 0.0
1	2011	359	20905.0	 20.0	 34.0	2.000	 1.0	 0.0
1	2011	360	19121.0	 22.0	 34.0	2.000	 0.0	 0.0
1	2011	361	20115.0	 24.0	 35.0	2.000	 1.0	 0.0
1	2011	362	21015.0	 20.0	 35.0	2.000	 1.0	 0.0
1	2011	363	19963.0	 20.0	 34.0	2.000	 1.0	 0.0
1	2011	364	20787.0	 21.0	 34.0	1.000	 3.0	 0.0
1	2011	365	21207.0	 20.0	 33.0	1.000	 3.0	 0.0
